192_a KAO 12.09124523979363 -4.355004694150854 1.2287384714171228 493 498
134_a KAC 0.07856296656986551 12.588529648959389 9.668064485145198 190 200
134_a KAH 6.831255550944136 5.229070576905375 -0.37692714777456915 470 479
182_a KAD -3.760416083476103 12.556747048423949 10.003406420875965 250 263
22_a KAI 6.258550588186718 6.425079247136142 -4.340720790805245 509 516
22_a KAJ 6.433125612164327 6.371552075236288 -3.085466942018714 490 502
260_a KAF -13.831586854192329 -1.9245869051301632 -2.664101033342137 474 491
92_a KAM 0.674207441262471 0.23073966900071438 11.482676852833139 192 198
80_a KAD -5.958973899007855 12.330363863456158 9.060896682739271 160 168
104_a KAF 10.968408087927546 1.5725508553815595 -6.076003632938978 486 505
268_a KAL 1.750578548841351 -0.9834476958415321 -2.877048494581708 476 487
340_a KAH -10.262959656892003 1.2421629526160545 -9.925234997386944 477 487
34_a KAS 8.46817696415125 -11.352421266234018 2.0321902214460703 201 205
342_a KAI 13.077326571388022 2.8276632797869 12.594287327070246 197 203
148_a KAG -9.602449811510668 -5.208219950954289 -2.226901667741324 495 505
156_a KAE 3.7508261965380734 -6.282614305378897 9.494245264265265 171 193
290_a KBA 3.359927428305055 7.789480699337106 -2.587665758562014 487 497
200_a KAR 6.0281280151367085 -2.4387000102996836 -3.882263990783684 173 180
8_a KAI -7.234867379524543 -6.102893682701283 0.6538069410867918 493 505
212_a KAL 7.346497963885878 -2.246095926509498 -6.289961446857638 480 485
310_a KAQ 3.104042502035913 1.8787837344311036 -3.3933743307431015 479 500
210_a KAF -7.666914968238539 5.279146710506452 -9.346441426466239 491 503
154_a KAN 7.679980242205212 -7.275039523329492 -3.7348869729575918 180 193
322_a KAK 6.4697634839483715 -8.02988526214093 -3.3542867291897447 507 520
222_a KAV 4.800997355005172 -4.994042068197028 6.303452632406295 171 179
56_a KAS 11.311667594529148 2.524653600635672 5.327421203813055 207 215
72_a KAI -6.32994341832917 10.532529810789462 1.6365158054312914 222 228
314_a KAF -4.412243423613873 0.48953186220756756 -6.295915549304838 474 486
178_a KAA 3.1262173792590215 1.6393738948780563 -6.18796524897865 478 484
284_a KAJ 1.5322651285863744 -0.9571638002348078 -9.160902324308983 426 436
296_a KAW 18.86152844877422 -8.71630019473384 -0.5129635523244545 517 528
168_a KAK 2.5500058147878475 -1.1869159360734405 -7.816901219357973 414 436
140_a KAC -0.9146737721122692 12.972422935923584 9.083719727250402 185 192
140_a KAD -0.14850740341101773 13.358454331449009 8.264270331633934 163 172
286_a KAM 4.0774627857837356 4.929051868204228 -3.12511275161331 473 478
58_a KAF -6.845430604395566 -1.0215263503904777 -1.4252524651922047 470 487
220_a KAH 0.8133610270978304 6.494925356041175 -4.647502969331252 496 500
216_a KAA -2.5353583887905393 2.9429491732662325 -6.69107012408624 483 509
216_a KAN 5.119359791018581 0.7400279451405642 -2.8556052278743698 187 199
204_a KAM 4.863099980133546 -7.3412055450457085 -2.7458666910727847 209 217
304_a KAQ 8.660777118454924 -11.08546007693925 5.429485651694167 170 198
