1 1.000000000000006
2 0.9971264367816152
3 0.9971264367816152
4 0.9971264367816152
5 0.9942528735632243
6 0.9942528735632243
7 0.9913793103448335
8 0.9971264367816152
9 0.9971264367816152
10 1.000000000000006
11 1.000000000000006
12 1.000000000000006
13 1.000000000000006
14 1.000000000000006
15 1.000000000000006
16 0.9971264367816152
17 0.9971264367816152
18 0.9971264367816152
19 1.000000000000006
20 1.000000000000006
21 0.9942528735632243
22 1.000000000000006
23 1.000000000000006
24 0.9913793103448335
25 0.9885057471264427
26 0.9798850574712702
27 0.9770114942528794
28 0.9770114942528794
29 0.9770114942528794
30 0.982758620689661
31 0.9885057471264427
32 0.9913793103448335
33 0.9885057471264427
34 0.9856321839080519
35 0.9913793103448335
36 1.000000000000006
37 1.000000000000006
38 1.000000000000006
39 1.000000000000006
40 1.000000000000006
41 1.000000000000006
42 1.000000000000006
43 1.000000000000006
44 0.9913793103448335
45 0.9913793103448335
46 0.9913793103448335
47 1.000000000000006
48 1.000000000000006
49 1.000000000000006
50 0.9885057471264427
51 0.9712643678160977
52 0.9396551724137986
53 0.9310344827586261
54 0.8965517241379362
55 0.4195402298850586
56 0.09195402298850568
57 0.031609195402298854
58 0.014367816091954023
59 0.005747126436781609
60 0.008620689655172414
61 0.008620689655172414
62 0.0028735632183908046
63 0.005747126436781609
64 0.005747126436781609
65 0.005747126436781609
66 0.005747126436781609
67 0.005747126436781609
68 0.0028735632183908046
69 0.0028735632183908046
70 0.005747126436781609
71 0.0028735632183908046
72 0.0028735632183908046
73 0.0028735632183908046
74 0.0028735632183908046
75 0.0028735632183908046
76 0.0028735632183908046
77 0.005747126436781609
78 0.02586206896551724
79 0.1293103448275861
80 0.2672413793103447
81 0.6580459770114974
82 0.9626436781609252
83 1.000000000000006
84 0.9971264367816152
85 0.9971264367816152
86 0.9971264367816152
87 0.9913793103448335
88 0.9885057471264427
89 0.9856321839080519
90 0.9913793103448335
91 0.9942528735632243
92 1.000000000000006
93 1.000000000000006
94 0.9971264367816152
95 1.000000000000006
96 0.9971264367816152
97 0.9971264367816152
98 0.9971264367816152
99 1.000000000000006
100 1.000000000000006
101 1.000000000000006
102 1.000000000000006
103 1.000000000000006
104 1.000000000000006
105 1.000000000000006
106 1.000000000000006
107 1.000000000000006
108 1.000000000000006
109 1.000000000000006
110 1.000000000000006
111 1.000000000000006
112 1.000000000000006
113 1.000000000000006
114 1.000000000000006
115 1.000000000000006
116 1.000000000000006
117 1.000000000000006
118 1.000000000000006
119 1.000000000000006
120 1.000000000000006
121 1.000000000000006
122 1.000000000000006
123 1.000000000000006
124 1.000000000000006
125 1.000000000000006
126 1.000000000000006
127 1.000000000000006
128 1.000000000000006
129 1.000000000000006
130 1.000000000000006
131 1.000000000000006
132 1.000000000000006
133 1.000000000000006
134 0.9971264367816152
135 0.9971264367816152
136 0.9971264367816152
137 1.000000000000006
138 1.000000000000006
139 0.9971264367816152
140 0.9971264367816152
141 0.9971264367816152
142 0.9971264367816152
143 0.9971264367816152
144 0.9971264367816152
145 1.000000000000006
146 1.000000000000006
147 1.000000000000006
148 1.000000000000006
149 1.000000000000006
150 1.000000000000006
151 1.000000000000006
152 1.000000000000006
153 1.000000000000006
154 1.000000000000006
155 1.000000000000006
156 1.000000000000006
157 1.000000000000006
158 1.000000000000006
159 1.000000000000006
160 1.000000000000006
161 0.9971264367816152
162 0.9971264367816152
163 0.9971264367816152
164 1.000000000000006
165 0.9971264367816152
166 0.9971264367816152
167 0.9971264367816152
168 1.000000000000006
169 1.000000000000006
170 1.000000000000006
171 1.000000000000006
172 0.9971264367816152
173 0.9971264367816152
174 0.9885057471264427
175 0.9942528735632243
176 0.9942528735632243
177 0.9913793103448335
178 0.9942528735632243
179 0.9798850574712702
180 0.9885057471264427
181 0.9798850574712702
182 0.9913793103448335
183 0.982758620689661
184 0.9856321839080519
185 0.9856321839080519
186 0.9885057471264427
187 0.9856321839080519
188 0.9971264367816152
189 0.9913793103448335
190 0.9798850574712702
191 0.9798850574712702
192 0.9913793103448335
193 0.982758620689661
194 0.9741379310344885
195 0.9798850574712702
196 0.982758620689661
197 0.9856321839080519
198 0.982758620689661
199 0.9885057471264427
200 0.9942528735632243
201 0.9971264367816152
202 1.000000000000006
203 0.9942528735632243
204 0.9942528735632243
205 0.9885057471264427
206 0.9971264367816152
207 0.9971264367816152
208 0.9971264367816152
209 1.000000000000006
210 1.000000000000006
211 1.000000000000006
212 1.000000000000006
213 1.000000000000006
214 1.000000000000006
215 1.000000000000006
216 1.000000000000006
217 0.9971264367816152
218 0.9971264367816152
219 0.9971264367816152
220 0.9971264367816152
221 0.9885057471264427
222 0.9913793103448335
223 0.9942528735632243
224 0.9942528735632243
225 0.9942528735632243
226 0.9971264367816152
227 0.9971264367816152
228 1.000000000000006
229 1.000000000000006
230 1.000000000000006
231 1.000000000000006
232 1.000000000000006
233 0.9942528735632243
234 0.9683908045977069
235 0.9425287356321894
236 0.864942528735637
237 0.4281609195402311
238 0.02586206896551724
239 0.011494252873563218
240 0
241 0
242 0
243 0.017241379310344827
244 0.3477011494252879
245 0.646551724137934
246 0.7959770114942571
247 0.965517241379316
248 1.000000000000006
249 1.000000000000006
250 1.000000000000006
251 0.9971264367816152
252 0.9913793103448335
253 0.9885057471264427
254 0.9913793103448335
255 0.9971264367816152
256 1.000000000000006
257 1.000000000000006
258 1.000000000000006
259 1.000000000000006
260 0.9942528735632243
261 0.9942528735632243
262 0.9942528735632243
263 1.000000000000006
264 1.000000000000006
265 0.9942528735632243
266 0.9942528735632243
267 0.9942528735632243
268 1.000000000000006
269 1.000000000000006
270 1.000000000000006
271 1.000000000000006
272 1.000000000000006
273 1.000000000000006
274 1.000000000000006
275 1.000000000000006
276 0.9971264367816152
277 0.9971264367816152
278 0.9971264367816152
279 1.000000000000006
280 1.000000000000006
281 1.000000000000006
282 1.000000000000006
283 1.000000000000006
284 1.000000000000006
285 0.9971264367816152
286 0.9942528735632243
287 0.9942528735632243
288 0.9971264367816152
289 1.000000000000006
290 1.000000000000006
291 1.000000000000006
292 1.000000000000006
293 1.000000000000006
294 1.000000000000006
295 1.000000000000006
296 1.000000000000006
297 1.000000000000006
298 1.000000000000006
299 1.000000000000006
300 1.000000000000006
301 1.000000000000006
302 1.000000000000006
303 0.9971264367816152
304 0.9971264367816152
305 0.9971264367816152
306 1.000000000000006
307 1.000000000000006
308 1.000000000000006
309 1.000000000000006
310 1.000000000000006
311 0.9971264367816152
312 0.9942528735632243
313 0.9942528735632243
314 0.9971264367816152
315 1.000000000000006
316 1.000000000000006
317 0.9971264367816152
318 0.9971264367816152
319 0.9971264367816152
320 1.000000000000006
321 1.000000000000006
322 1.000000000000006
323 1.000000000000006
324 1.000000000000006
325 1.000000000000006
326 0.9971264367816152
327 0.9885057471264427
328 0.9885057471264427
329 0.9913793103448335
330 0.9971264367816152
331 0.9913793103448335
332 0.9942528735632243
333 0.9913793103448335
334 0.9971264367816152
335 0.9913793103448335
336 0.9971264367816152
337 0.9971264367816152
338 1.000000000000006
339 1.000000000000006
340 1.000000000000006
341 1.000000000000006
342 1.000000000000006
343 0.9971264367816152
344 0.9971264367816152
345 0.9971264367816152
346 1.000000000000006
347 1.000000000000006
348 1.000000000000006
349 0.9971264367816152
350 0.9971264367816152
351 0.9942528735632243
352 0.9885057471264427
353 0.9885057471264427
354 0.9942528735632243
355 0.9971264367816152
356 0.9971264367816152
357 0.9971264367816152
358 0.9942528735632243
359 0.9971264367816152
360 0.9971264367816152
361 1.000000000000006
362 1.000000000000006
363 0.9971264367816152
364 0.9971264367816152
365 0.9971264367816152
366 1.000000000000006
367 1.000000000000006
368 1.000000000000006
369 0.9971264367816152
370 0.9971264367816152
371 0.9971264367816152
372 1.000000000000006
373 1.000000000000006
374 1.000000000000006
375 1.000000000000006
376 1.000000000000006
377 1.000000000000006
378 1.000000000000006
379 1.000000000000006
380 1.000000000000006
381 1.000000000000006
382 1.000000000000006
383 1.000000000000006
384 1.000000000000006
385 1.000000000000006
386 1.000000000000006
387 1.000000000000006
388 1.000000000000006
389 1.000000000000006
390 1.000000000000006
391 1.000000000000006
392 0.9942528735632243
393 0.9913793103448335
394 0.9856321839080519
395 0.9856321839080519
396 0.9856321839080519
397 0.9798850574712702
398 0.9856321839080519
399 0.9770114942528794
400 0.9741379310344885
401 0.9741379310344885
402 0.9798850574712702
403 0.9856321839080519
404 0.9942528735632243
405 0.9942528735632243
406 0.9942528735632243
407 0.9913793103448335
408 0.9971264367816152
409 0.9971264367816152
410 1.000000000000006
411 1.000000000000006
412 1.000000000000006
413 0.9971264367816152
414 0.9971264367816152
415 0.9971264367816152
416 0.9942528735632243
417 0.9942528735632243
418 0.9942528735632243
419 0.9942528735632243
420 0.9971264367816152
421 0.9971264367816152
422 0.9942528735632243
423 0.9942528735632243
424 0.9971264367816152
425 0.9971264367816152
426 1.000000000000006
427 1.000000000000006
428 1.000000000000006
429 0.9942528735632243
430 0.9913793103448335
431 0.9942528735632243
432 0.9971264367816152
433 0.9971264367816152
434 0.9971264367816152
435 0.9971264367816152
436 0.9971264367816152
437 0.9971264367816152
438 1.000000000000006
439 1.000000000000006
440 1.000000000000006
441 0.9942528735632243
442 0.9885057471264427
443 0.9885057471264427
444 0.9942528735632243
445 1.000000000000006
446 1.000000000000006
447 1.000000000000006
448 1.000000000000006
449 1.000000000000006
450 0.9971264367816152
451 0.9942528735632243
452 0.9942528735632243
453 0.9971264367816152
454 0.9971264367816152
455 0.9971264367816152
456 0.9971264367816152
457 1.000000000000006
458 1.000000000000006
459 1.000000000000006
460 0.9942528735632243
461 0.9971264367816152
462 0.9942528735632243
463 0.9913793103448335
464 0.9913793103448335
465 0.9856321839080519
466 0.9942528735632243
467 0.9971264367816152
468 1.000000000000006
469 0.9971264367816152
470 0.9971264367816152
471 1.000000000000006
472 1.000000000000006
473 0.9971264367816152
474 1.000000000000006
475 1.000000000000006
476 0.9971264367816152
477 0.9971264367816152
478 0.9971264367816152
479 1.000000000000006
480 1.000000000000006
481 1.000000000000006
482 1.000000000000006
483 1.000000000000006
484 0.9971264367816152
485 1.000000000000006
486 1.000000000000006
487 1.000000000000006
488 1.000000000000006
489 1.000000000000006
490 0.9971264367816152
491 0.9971264367816152
492 0.9942528735632243
493 0.9971264367816152
494 0.9971264367816152
495 1.000000000000006
496 1.000000000000006
497 1.000000000000006
498 1.000000000000006
499 1.000000000000006
500 1.000000000000006
501 1.000000000000006
502 1.000000000000006
503 1.000000000000006
504 1.000000000000006
505 1.000000000000006
506 0.9971264367816152
507 0.9942528735632243
508 0.9971264367816152
509 1.000000000000006
510 0.9971264367816152
511 1.000000000000006
512 1.000000000000006
513 1.000000000000006
514 1.000000000000006
515 1.000000000000006
516 0.9971264367816152
517 0.9971264367816152
518 0.9971264367816152
519 1.000000000000006
520 1.000000000000006
521 1.000000000000006
522 1.000000000000006
523 1.000000000000006
524 1.000000000000006
525 1.000000000000006
526 1.000000000000006
527 0.9942528735632243
528 0.9885057471264427
529 0.9885057471264427
530 0.9971264367816152
531 0.9942528735632243
532 0.9913793103448335
533 0.9971264367816152
534 0.9913793103448335
535 0.9885057471264427
536 0.9885057471264427
537 0.9971264367816152
538 0.9971264367816152
539 1.000000000000006
540 1.000000000000006
541 1.000000000000006
542 1.000000000000006
543 1.000000000000006
544 0.9971264367816152
545 0.9971264367816152
546 0.9971264367816152
547 1.000000000000006
548 1.000000000000006
549 0.9942528735632243
550 0.9942528735632243
551 0.9942528735632243
552 0.9971264367816152
553 0.9971264367816152
554 1.000000000000006
555 1.000000000000006
556 0.9971264367816152
557 1.000000000000006
558 1.000000000000006
559 0.7270114942528773
560 0.9942528735632243
561 1.000000000000006
562 1.000000000000006
563 1.000000000000006
564 0.9913793103448335
565 0.9971264367816152
566 0.7270114942528773
567 0.8678160919540279
568 0.9741379310344885
569 0.882183908045982
570 0.916666666666672
571 0.6724137931034515
572 0.9511494252873619
573 0.9396551724137986
574 0.7212643678160956
575 0.9080459770114995
576 0.8764367816092004
577 0.8591954022988554
578 0.23275862068965494
579 0.18965517241379293
580 0.04885057471264366
581 0.04597701149425286
582 0.05747126436781606
583 0.05459770114942526
584 0.08333333333333327
585 0.07758620689655167
586 0.09770114942528728
587 0.23850574712643655
588 0.31034482758620713
589 0.7183908045977048
590 0.9885057471264427
591 1.000000000000006
592 1.000000000000006
593 1.000000000000006
594 1.000000000000006
595 1.000000000000006
596 1.000000000000006
597 1.000000000000006
598 1.000000000000006
599 1.000000000000006
600 1.000000000000006
601 1.000000000000006
602 1.000000000000006
603 1.000000000000006
604 1.000000000000006
605 0.9885057471264427
606 0.8189655172413838
607 0.7959770114942571
608 0.698275862068969
609 0.7385057471264406
610 0.7557471264367855
611 0.8362068965517288
612 0.9971264367816152
613 0.35344827586206956
614 0.22126436781609174
615 0.06609195402298847
616 0.04597701149425286
617 0.06609195402298847
618 0.06609195402298847
619 0.09195402298850568
620 0.08045977011494247
621 0.15517241379310331
622 0.24999999999999975
623 0.646551724137934
624 0.982758620689661
625 0.9856321839080519
626 1.000000000000006
627 1.000000000000006
628 1.000000000000006
629 1.000000000000006
630 1.000000000000006
631 0.9971264367816152
632 1.000000000000006
633 0.9885057471264427
634 0.9798850574712702
635 0.9798850574712702
636 0.9798850574712702
637 0.9913793103448335
638 0.9942528735632243
639 0.9942528735632243
640 0.9971264367816152
641 0.9971264367816152
642 1.000000000000006
643 1.000000000000006
644 1.000000000000006
