1 0
2 0.0028735632183908046
3 0.0028735632183908046
4 0.0028735632183908046
5 0.005747126436781609
6 0.005747126436781609
7 0.008620689655172414
8 0.0028735632183908046
9 0.0028735632183908046
10 0
11 0
12 0
13 0
14 0
15 0
16 0.0028735632183908046
17 0.0028735632183908046
18 0.0028735632183908046
19 0
20 0
21 0
22 0
23 0
24 0.0028735632183908046
25 0.008620689655172414
26 0.020114942528735632
27 0.020114942528735632
28 0.022988505747126436
29 0.022988505747126436
30 0.017241379310344827
31 0.008620689655172414
32 0.005747126436781609
33 0.011494252873563218
34 0.011494252873563218
35 0.008620689655172414
36 0
37 0
38 0
39 0
40 0
41 0
42 0
43 0
44 0.008620689655172414
45 0.008620689655172414
46 0.008620689655172414
47 0
48 0
49 0
50 0.011494252873563218
51 0.022988505747126436
52 0.05172413793103446
53 0.06896551724137927
54 0.10057471264367808
55 0.5689655172413817
56 0.9080459770114995
57 0.9683908045977069
58 0.9856321839080519
59 0.9913793103448335
60 0.9913793103448335
61 0.9913793103448335
62 0.9942528735632243
63 0.9942528735632243
64 0.9942528735632243
65 0.9942528735632243
66 0.9942528735632243
67 0.9942528735632243
68 0.9971264367816152
69 0.9971264367816152
70 0.9942528735632243
71 0.9971264367816152
72 0.9971264367816152
73 0.9971264367816152
74 0.9971264367816152
75 0.9971264367816152
76 0.9971264367816152
77 0.9942528735632243
78 0.9741379310344885
79 0.8706896551724187
80 0.7327586206896589
81 0.3390804597701154
82 0.037356321839080456
83 0
84 0
85 0.0028735632183908046
86 0.0028735632183908046
87 0.008620689655172414
88 0.011494252873563218
89 0.014367816091954023
90 0.008620689655172414
91 0.0028735632183908046
92 0
93 0
94 0
95 0
96 0.0028735632183908046
97 0.0028735632183908046
98 0.0028735632183908046
99 0
100 0
101 0
102 0
103 0
104 0
105 0
106 0
107 0
108 0
109 0
110 0
111 0
112 0
113 0
114 0
115 0
116 0
117 0
118 0
119 0
120 0
121 0
122 0
123 0
124 0
125 0
126 0
127 0
128 0
129 0
130 0
131 0
132 0
133 0
134 0.0028735632183908046
135 0.0028735632183908046
136 0.0028735632183908046
137 0
138 0
139 0.0028735632183908046
140 0.0028735632183908046
141 0.0028735632183908046
142 0.0028735632183908046
143 0.0028735632183908046
144 0.0028735632183908046
145 0
146 0
147 0
148 0
149 0
150 0
151 0
152 0
153 0
154 0
155 0
156 0
157 0
158 0
159 0
160 0
161 0.0028735632183908046
162 0.0028735632183908046
163 0.0028735632183908046
164 0
165 0.0028735632183908046
166 0.0028735632183908046
167 0.0028735632183908046
168 0
169 0
170 0
171 0
172 0.0028735632183908046
173 0.0028735632183908046
174 0.008620689655172414
175 0.005747126436781609
176 0.005747126436781609
177 0.005747126436781609
178 0.005747126436781609
179 0.017241379310344827
180 0.011494252873563218
181 0.020114942528735632
182 0.008620689655172414
183 0.014367816091954023
184 0.014367816091954023
185 0.014367816091954023
186 0.011494252873563218
187 0.011494252873563218
188 0.0028735632183908046
189 0.008620689655172414
190 0.017241379310344827
191 0.017241379310344827
192 0.008620689655172414
193 0.017241379310344827
194 0.022988505747126436
195 0.020114942528735632
196 0.017241379310344827
197 0.014367816091954023
198 0.017241379310344827
199 0.011494252873563218
200 0.005747126436781609
201 0.0028735632183908046
202 0
203 0.005747126436781609
204 0.005747126436781609
205 0.008620689655172414
206 0.0028735632183908046
207 0.0028735632183908046
208 0
209 0
210 0
211 0
212 0
213 0
214 0
215 0
216 0
217 0.0028735632183908046
218 0.0028735632183908046
219 0.0028735632183908046
220 0.0028735632183908046
221 0.008620689655172414
222 0.008620689655172414
223 0.005747126436781609
224 0.0028735632183908046
225 0.0028735632183908046
226 0.0028735632183908046
227 0
228 0
229 0
230 0
231 0
232 0
233 0
234 0.028735632183908046
235 0.05747126436781606
236 0.1293103448275861
237 0.5689655172413817
238 0.9741379310344885
239 0.9885057471264427
240 1.000000000000006
241 1.000000000000006
242 1.000000000000006
243 0.982758620689661
244 0.6522988505747157
245 0.35344827586206956
246 0.20402298850574693
247 0.034482758620689655
248 0
249 0
250 0
251 0.0028735632183908046
252 0.008620689655172414
253 0.011494252873563218
254 0.008620689655172414
255 0.0028735632183908046
256 0
257 0
258 0
259 0
260 0.005747126436781609
261 0.005747126436781609
262 0.005747126436781609
263 0
264 0
265 0.005747126436781609
266 0.005747126436781609
267 0.005747126436781609
268 0
269 0
270 0
271 0
272 0
273 0
274 0
275 0
276 0.0028735632183908046
277 0.0028735632183908046
278 0.0028735632183908046
279 0
280 0
281 0
282 0
283 0
284 0
285 0.0028735632183908046
286 0.005747126436781609
287 0.005747126436781609
288 0.0028735632183908046
289 0
290 0
291 0
292 0
293 0
294 0
295 0
296 0
297 0
298 0
299 0
300 0
301 0
302 0
303 0.0028735632183908046
304 0.0028735632183908046
305 0.0028735632183908046
306 0
307 0
308 0
309 0
310 0
311 0.0028735632183908046
312 0.005747126436781609
313 0.005747126436781609
314 0.0028735632183908046
315 0
316 0
317 0.0028735632183908046
318 0.0028735632183908046
319 0.0028735632183908046
320 0
321 0
322 0
323 0
324 0
325 0
326 0.0028735632183908046
327 0.011494252873563218
328 0.011494252873563218
329 0.008620689655172414
330 0.0028735632183908046
331 0.005747126436781609
332 0.005747126436781609
333 0.008620689655172414
334 0.0028735632183908046
335 0.005747126436781609
336 0.0028735632183908046
337 0.0028735632183908046
338 0
339 0
340 0
341 0
342 0
343 0.0028735632183908046
344 0.0028735632183908046
345 0.0028735632183908046
346 0
347 0
348 0
349 0.0028735632183908046
350 0.0028735632183908046
351 0.005747126436781609
352 0.008620689655172414
353 0.008620689655172414
354 0.005747126436781609
355 0
356 0.0028735632183908046
357 0.0028735632183908046
358 0.005747126436781609
359 0.0028735632183908046
360 0.0028735632183908046
361 0
362 0
363 0.0028735632183908046
364 0.0028735632183908046
365 0.0028735632183908046
366 0
367 0
368 0
369 0.0028735632183908046
370 0.0028735632183908046
371 0.0028735632183908046
372 0
373 0
374 0
375 0
376 0
377 0
378 0
379 0
380 0
381 0
382 0
383 0
384 0
385 0
386 0
387 0
388 0
389 0
390 0
391 0
392 0.005747126436781609
393 0.008620689655172414
394 0.011494252873563218
395 0.014367816091954023
396 0.014367816091954023
397 0.020114942528735632
398 0.014367816091954023
399 0.022988505747126436
400 0.022988505747126436
401 0.02586206896551724
402 0.020114942528735632
403 0.011494252873563218
404 0.005747126436781609
405 0.005747126436781609
406 0.005747126436781609
407 0.008620689655172414
408 0.0028735632183908046
409 0.0028735632183908046
410 0
411 0
412 0
413 0
414 0.0028735632183908046
415 0.0028735632183908046
416 0.0028735632183908046
417 0.0028735632183908046
418 0.005747126436781609
419 0.005747126436781609
420 0.0028735632183908046
421 0.0028735632183908046
422 0.0028735632183908046
423 0.0028735632183908046
424 0.0028735632183908046
425 0
426 0
427 0
428 0
429 0.005747126436781609
430 0.005747126436781609
431 0.005747126436781609
432 0
433 0
434 0.0028735632183908046
435 0.0028735632183908046
436 0.0028735632183908046
437 0
438 0
439 0
440 0
441 0.005747126436781609
442 0.011494252873563218
443 0.011494252873563218
444 0.005747126436781609
445 0
446 0
447 0
448 0
449 0
450 0.0028735632183908046
451 0.005747126436781609
452 0.005747126436781609
453 0.0028735632183908046
454 0.0028735632183908046
455 0.0028735632183908046
456 0.0028735632183908046
457 0
458 0
459 0
460 0.0028735632183908046
461 0.0028735632183908046
462 0.0028735632183908046
463 0.005747126436781609
464 0.008620689655172414
465 0.011494252873563218
466 0.005747126436781609
467 0.0028735632183908046
468 0
469 0
470 0
471 0
472 0
473 0
474 0
475 0
476 0.0028735632183908046
477 0.0028735632183908046
478 0.0028735632183908046
479 0
480 0
481 0
482 0
483 0
484 0
485 0
486 0
487 0
488 0
489 0
490 0.0028735632183908046
491 0.0028735632183908046
492 0.005747126436781609
493 0.0028735632183908046
494 0.0028735632183908046
495 0
496 0
497 0
498 0
499 0
500 0
501 0
502 0
503 0
504 0
505 0
506 0.0028735632183908046
507 0.0028735632183908046
508 0.0028735632183908046
509 0
510 0
511 0
512 0
513 0
514 0
515 0
516 0.0028735632183908046
517 0.0028735632183908046
518 0.0028735632183908046
519 0
520 0
521 0
522 0
523 0
524 0
525 0
526 0
527 0.005747126436781609
528 0.008620689655172414
529 0.008620689655172414
530 0.0028735632183908046
531 0.0028735632183908046
532 0
533 0.0028735632183908046
534 0.008620689655172414
535 0.008620689655172414
536 0.008620689655172414
537 0.0028735632183908046
538 0.0028735632183908046
539 0
540 0
541 0
542 0
543 0
544 0.0028735632183908046
545 0.0028735632183908046
546 0.0028735632183908046
547 0
548 0
549 0.0028735632183908046
550 0.005747126436781609
551 0.005747126436781609
552 0.0028735632183908046
553 0.0028735632183908046
554 0
555 0
556 0
557 0
558 0
559 0
560 0
561 0
562 0
563 0
564 0
565 0
566 0
567 0
568 0
569 0
570 0
571 0.04597701149425286
572 0.04597701149425286
573 0.04597701149425286
574 0
575 0
576 0
577 0
578 0.7672413793103489
579 0.8103448275862113
580 0.9482758620689711
581 0.9540229885057527
582 0.9425287356321894
583 0.9454022988505802
584 0.916666666666672
585 0.9224137931034536
586 0.9022988505747178
587 0.7614942528735672
588 0.6896551724137965
589 0.28160919540229884
590 0.0028735632183908046
591 0
592 0
593 0
594 0
595 0
596 0
597 0
598 0
599 0
600 0
601 0
602 0
603 0
604 0
605 0
606 0.18103448275862052
607 0.20402298850574693
608 0.29310344827586216
609 0.2586206896551722
610 0.24425287356321815
611 0.16379310344827572
612 0
613 0.646551724137934
614 0.7787356321839122
615 0.9310344827586261
616 0.9540229885057527
617 0.9339080459770169
618 0.9310344827586261
619 0.9080459770114995
620 0.9195402298850628
621 0.8419540229885104
622 0.7500000000000039
623 0.35344827586206956
624 0.014367816091954023
625 0
626 0
627 0
628 0
629 0
630 0
631 0
632 0
633 0.011494252873563218
634 0.017241379310344827
635 0.020114942528735632
636 0.020114942528735632
637 0.008620689655172414
638 0.005747126436781609
639 0.005747126436781609
640 0.0028735632183908046
641 0.0028735632183908046
642 0
643 0
644 0
